<?xml version="1.0"?>
<opencv_storage>
<calibration_time>"Tue Feb 25 21:30:51 2020"</calibration_time>
<nr_of_frames>13</nr_of_frames>
<image_width>640</image_width>
<image_height>480</image_height>
<board_width>9</board_width>
<board_height>6</board_height>
<square_size>26.</square_size>
<fix_aspect_ratio>1.</fix_aspect_ratio>
<!-- flags: +fix_aspectRatio -->
<flags>2</flags>
<fisheye_model>0</fisheye_model>
<camera_matrix type_id="opencv-matrix">
  <rows>3</rows>
  <cols>3</cols>
  <dt>d</dt>
  <data>
    6.3303275833310136e+02 0. 3.1759107677482649e+02 0.
    6.3303275833310136e+02 2.6809095997758357e+02 0. 0. 1.</data></camera_matrix>
<distortion_coefficients type_id="opencv-matrix">
  <rows>5</rows>
  <cols>1</cols>
  <dt>d</dt>
  <data>
    -9.5371055411927766e-02 5.9018193756584170e-01
    7.1127397524901100e-03 6.6159070768529015e-03
    -1.2173511714177523e+00</data></distortion_coefficients>
<avg_reprojection_error>4.8451517897215635e-01</avg_reprojection_error>
<per_view_reprojection_errors type_id="opencv-matrix">
  <rows>13</rows>
  <cols>1</cols>
  <dt>f</dt>
  <data>
    3.02723616e-01 3.54437292e-01 3.63510817e-01 5.06452560e-01
    3.64021182e-01 5.16343892e-01 4.19443607e-01 5.04067361e-01
    4.82638180e-01 3.88136923e-01 7.04325318e-01 7.09761322e-01
    4.83061373e-01</data></per_view_reprojection_errors>
<!-- a set of 6-tuples (rotation vector + translation vector) for each view -->
<extrinsic_parameters type_id="opencv-matrix">
  <rows>13</rows>
  <cols>6</cols>
  <dt>d</dt>
  <data>
    -1.2401317034560139e-01 9.9415185982315385e-02
    -7.4311308324509469e-03 -1.2973523318183109e+02
    -1.0188230684478260e+02 3.8645733084557162e+02
    -1.3251654109396704e-01 -1.7478305519507192e-01
    -2.8598411370768139e-02 -1.5423035498336492e+02
    -9.9847585893978177e+01 3.9073305099482161e+02
    -1.0431681677192133e-01 -6.5603061056544898e-02
    -3.4760025938238720e-01 -1.5259665418563830e+02
    -7.4661534865137938e+01 4.0187494939754060e+02
    1.7842978956210906e-01 3.8242258434922932e-01 4.2349309512567178e-02
    -1.1343057228987915e+02 -9.7099856654125404e+01
    4.2529843556266985e+02 -1.2294887510698935e-01
    1.9109377820758798e-02 2.1559485178929819e-01
    -9.4284472091803892e+01 -1.1589678051862622e+02
    4.3273912752196082e+02 -4.3324846262511305e-02
    6.7956899273728208e-02 -1.7508993652288604e-01
    -1.4470298209635155e+02 -9.4970509655614393e+01
    4.0966435378216414e+02 -3.6591641130054986e-01
    -1.4621688221486490e-02 -6.2314080670548021e-02
    -1.2330233910138197e+02 -8.6168458327847077e+01
    4.4691200061665751e+02 1.1937823068631356e-01 2.8756551601710600e-01
    9.8388379639839776e-02 -9.0846250028479673e+01
    -9.9542929420600458e+01 3.9237642257384437e+02
    -4.0303392042201647e-01 3.4557161958732756e-02
    1.4928536182555838e-02 -1.0355971187740614e+02
    -8.2195486778829647e+01 4.2353865769505899e+02
    2.9572486114398939e-03 2.0951760766739890e-02
    -2.2215874394108970e-01 -1.2009960491374480e+02
    -7.9799082273447965e+01 3.8454011587500071e+02
    -6.0097687668556152e-04 -1.0758789891132398e-01
    -2.4589416855454682e-01 -1.1836595744128752e+02
    -7.7247420871626204e+01 3.5271216642160061e+02
    -1.6878657979748585e-01 5.9247082332640022e-01
    2.1944815177668359e-01 -6.2180272396514439e+01
    -9.2695998709988643e+01 4.9691032193427583e+02
    -3.5547404905463192e-01 3.6540886771150738e-01
    -1.4540457869139493e-02 -7.1671757905207883e+01
    -8.2455181547390765e+01 4.5133715250320370e+02</data></extrinsic_parameters>
<image_points type_id="opencv-matrix">
  <rows>13</rows>
  <cols>54</cols>
  <dt>"2f"</dt>
  <data>
    1.08644737e+02 1.04207756e+02 1.48759232e+02 1.01903229e+02
    1.90276260e+02 1.00615112e+02 2.31461395e+02 9.85170517e+01
    2.74154022e+02 9.65366745e+01 3.17233368e+02 9.43291397e+01
    3.61420990e+02 9.26678772e+01 4.05780060e+02 9.12261734e+01
    4.50925385e+02 8.88990784e+01 1.06936623e+02 1.44584015e+02
    1.47142746e+02 1.42466354e+02 1.88468231e+02 1.40903259e+02
    2.30976227e+02 1.39369049e+02 2.73506805e+02 1.37513489e+02
    3.17257080e+02 1.36296707e+02 3.61760132e+02 1.34422272e+02
    4.06551483e+02 1.32672546e+02 4.52519806e+02 1.30843552e+02
    1.04645638e+02 1.85776978e+02 1.45632141e+02 1.84409241e+02
    1.87314056e+02 1.83235413e+02 2.29825867e+02 1.81643417e+02
    2.72926086e+02 1.80388443e+02 3.17036224e+02 1.79000061e+02
    3.62311157e+02 1.77583954e+02 4.07446472e+02 1.76378540e+02
    4.53710022e+02 1.74937180e+02 1.02927795e+02 2.28088715e+02
    1.43882919e+02 2.27073715e+02 1.86134598e+02 2.25803848e+02
    2.28878174e+02 2.24718460e+02 2.72542511e+02 2.23453964e+02
    3.16927826e+02 2.22388031e+02 3.62558014e+02 2.21719604e+02
    4.08249084e+02 2.20870148e+02 4.54533356e+02 2.19827515e+02
    1.00673553e+02 2.71070404e+02 1.42431992e+02 2.70008575e+02
    1.84716507e+02 2.69154663e+02 2.28229706e+02 2.68570801e+02
    2.72138947e+02 2.67517639e+02 3.17045807e+02 2.67273560e+02
    3.63141479e+02 2.66611877e+02 4.09204132e+02 2.66158173e+02
    4.56033600e+02 2.65407501e+02 9.88713684e+01 3.14865967e+02
    1.40601196e+02 3.14345703e+02 1.83263763e+02 3.13943359e+02
    2.27391342e+02 3.13654663e+02 2.71745117e+02 3.13276031e+02
    3.17030853e+02 3.12881927e+02 3.63563080e+02 3.12738678e+02
    4.10181946e+02 3.12553314e+02 4.57931824e+02 3.12339508e+02
    7.20419617e+01 1.09663383e+02 1.14437714e+02 1.10256805e+02
    1.56507629e+02 1.11497208e+02 1.97852768e+02 1.12171593e+02
    2.38319351e+02 1.12760712e+02 2.78360565e+02 1.13584198e+02
    3.17171875e+02 1.14755997e+02 3.55137756e+02 1.15816963e+02
    3.92597687e+02 1.16543015e+02 7.13643951e+01 1.49530701e+02
    1.14056847e+02 1.49552246e+02 1.56510468e+02 1.50051926e+02
    1.98352875e+02 1.50388550e+02 2.39221741e+02 1.50727829e+02
    2.79201416e+02 1.51448441e+02 3.18690338e+02 1.51790024e+02
    3.57011749e+02 1.52294357e+02 3.94964386e+02 1.52585831e+02
    7.07057800e+01 1.90268616e+02 1.13877754e+02 1.90128632e+02
    1.56615097e+02 1.90180084e+02 1.98915131e+02 1.90147446e+02
    2.39930725e+02 1.90141052e+02 2.80454376e+02 1.90145584e+02
    3.20345917e+02 1.90209473e+02 3.58727051e+02 1.90297943e+02
    3.96971313e+02 1.90360046e+02 7.00919876e+01 2.31922256e+02
    1.13626526e+02 2.31279739e+02 1.56711594e+02 2.30762329e+02
    1.99337601e+02 2.30298737e+02 2.40601913e+02 2.29930267e+02
    2.81649780e+02 2.29408417e+02 3.21762726e+02 2.28965240e+02
    3.60393463e+02 2.28944214e+02 3.98507416e+02 2.28684967e+02
    6.93986130e+01 2.74118805e+02 1.13502327e+02 2.73085754e+02
    1.56742188e+02 2.72149384e+02 1.99743622e+02 2.71170471e+02
    2.41610550e+02 2.70233795e+02 2.82651611e+02 2.69526245e+02
    3.23175446e+02 2.68720459e+02 3.62446381e+02 2.68304230e+02
    4.00854523e+02 2.67387054e+02 6.87360229e+01 3.17275116e+02
    1.13023666e+02 3.15855774e+02 1.56777023e+02 3.14314819e+02
    2.00511185e+02 3.12828918e+02 2.42538910e+02 3.11628235e+02
    2.83904022e+02 3.10483429e+02 3.24757599e+02 3.09563019e+02
    3.64590546e+02 3.08484222e+02 4.03646301e+02 3.07247620e+02
    8.09044495e+01 1.52625656e+02 1.19355347e+02 1.39625809e+02
    1.57918335e+02 1.27336716e+02 1.95848511e+02 1.14085831e+02
    2.33604706e+02 1.01427658e+02 2.70969849e+02 8.86346741e+01
    3.08430481e+02 7.64631195e+01 3.44918732e+02 6.45575180e+01
    3.81482666e+02 5.20086784e+01 9.32132797e+01 1.89429245e+02
    1.31688156e+02 1.76182755e+02 1.70245163e+02 1.62910416e+02
    2.08823303e+02 1.50015854e+02 2.46597961e+02 1.37029968e+02
    2.84442871e+02 1.24418793e+02 3.21864044e+02 1.11562042e+02
    3.58803619e+02 9.90283737e+01 3.95641235e+02 8.64104919e+01
    1.05640495e+02 2.27225800e+02 1.44614273e+02 2.13667572e+02
    1.83342377e+02 2.00447433e+02 2.21872620e+02 1.86907013e+02
