%YAML:1.0
---
vocabulary: !!opencv-matrix
   rows: 10
   cols: 128
   dt: f
   data: [ 1.53541822e+01, 9.39198017e+00, 7.50936508e+00,
       2.95794849e+01, 9.47707062e+01, 2.60745144e+01, 5.81039953e+00,
       6.11961603e+00, 9.03230133e+01, 3.20752602e+01, 1.10884438e+01,
       1.79196701e+01, 3.42580986e+01, 8.86577892e+00, 6.69632816e+00,
       2.57490711e+01, 6.34555397e+01, 2.32695255e+01, 1.14988165e+01,
       1.16871996e+01, 1.92513351e+01, 1.19732914e+01, 1.21608629e+01,
       2.67331123e+01, 2.56875381e+01, 1.57060652e+01, 1.02217188e+01,
       1.15884104e+01, 1.96794243e+01, 1.37502193e+01, 1.09778214e+01,
       1.33517475e+01, 1.92026501e+01, 6.23341656e+00, 6.36500120e+00,
       4.11650543e+01, 1.23082901e+02, 3.49915466e+01, 4.89296103e+00,
       5.34363365e+00, 1.22709984e+02, 2.53215237e+01, 6.83609438e+00,
       1.62374058e+01, 3.81130562e+01, 1.15268106e+01, 9.08377838e+00,
       4.27909927e+01, 7.51027756e+01, 1.82728386e+01, 1.03402529e+01,
       1.69074993e+01, 3.03748055e+01, 2.58291969e+01, 1.96795597e+01,
       3.02730408e+01, 3.18653736e+01, 2.05436478e+01, 1.30816145e+01,
       1.51866255e+01, 2.29219685e+01, 1.61424713e+01, 1.25061874e+01,
       1.56763134e+01, 1.94357967e+01, 5.24457359e+00, 4.48955297e+00,
       3.82645874e+01, 1.24515312e+02, 3.83622284e+01, 5.86990309e+00,
       6.24355936e+00, 1.22582527e+02, 4.26995735e+01, 8.59327888e+00,
       1.15009804e+01, 3.74350548e+01, 1.44950981e+01, 6.82852125e+00,
       2.57596188e+01, 7.59928360e+01, 3.07324371e+01, 1.76011906e+01,
       2.20028400e+01, 3.07155323e+01, 2.01059570e+01, 1.10668745e+01,
       1.74527016e+01, 3.11415234e+01, 1.72624245e+01, 1.16028805e+01,
       1.45807018e+01, 2.38588810e+01, 1.81884518e+01, 1.35882750e+01,
       1.63209133e+01, 1.56597471e+01, 5.24883366e+00, 5.28020811e+00,
       2.78181076e+01, 9.78931656e+01, 2.88326454e+01, 7.88383245e+00,
       9.59780884e+00, 9.23528290e+01, 2.58020153e+01, 5.77760506e+00,
       7.93414021e+00, 3.15186291e+01, 1.65412807e+01, 1.19774160e+01,
       3.35777931e+01, 6.40382080e+01, 2.72883224e+01, 1.06099129e+01,
       1.07137737e+01, 1.91962261e+01, 1.27196569e+01, 1.16361485e+01,
       2.17144508e+01, 2.48589497e+01, 1.37540064e+01, 1.01547098e+01,
       1.31961594e+01, 2.14350529e+01, 1.39262285e+01, 1.01913586e+01,
       1.25363445e+01, 1.77795639e+01, 1.46965218e+01, 1.78636265e+01,
       2.17908630e+01, 2.40348225e+01, 2.19592342e+01, 2.01793289e+01,
       1.86923332e+01, 3.72227745e+01, 2.67258415e+01, 2.10394497e+01,
       2.03261738e+01, 2.17409897e+01, 2.07763977e+01, 2.24744778e+01,
       2.78731728e+01, 6.48302155e+01, 2.91347160e+01, 1.37386999e+01,
       1.04065847e+01, 1.08216925e+01, 1.58979149e+01, 3.41255608e+01,
       5.94278183e+01, 2.95300007e+01, 1.47565260e+01, 1.06018896e+01,
       1.08678160e+01, 1.71311607e+01, 2.69186630e+01, 4.02486839e+01,
       4.15073051e+01, 2.38585625e+01, 1.47284231e+01, 1.27100620e+01,
       1.73702030e+01, 2.72393818e+01, 3.44145699e+01, 3.56941833e+01,
       3.03021126e+01, 5.11700745e+01, 2.72399654e+01, 1.91526871e+01,
       2.66127014e+01, 4.45731544e+01, 4.53483810e+01, 2.83101006e+01,
       2.35466099e+01, 1.23630623e+02, 4.74613266e+01, 1.10788527e+01,
       7.72170258e+00, 8.48631382e+00, 1.18193064e+01, 2.27094765e+01,
       6.59852905e+01, 3.97328072e+01, 1.50848913e+01, 1.44545584e+01,
       2.28722954e+01, 3.25751991e+01, 3.80889816e+01, 3.83746834e+01,
       3.68051338e+01, 3.04088249e+01, 2.03907070e+01, 1.53664036e+01,
       1.49391680e+01, 2.09595737e+01, 3.06821537e+01, 3.99433556e+01,
       3.64364395e+01, 3.18063011e+01, 1.12599354e+01, 9.52235508e+00,
       1.51937456e+01, 3.86794739e+01, 6.68906097e+01, 6.97929077e+01,
       4.78937263e+01, 1.12526978e+02, 4.56530762e+01, 2.28744392e+01,
       1.37058249e+01, 1.08327971e+01, 1.87131310e+01, 3.72006607e+01,
       6.81985168e+01, 3.40909805e+01, 3.37931023e+01, 4.32293472e+01,
       4.32581329e+01, 3.01940861e+01, 1.85995522e+01, 1.17908144e+01,
       1.53747320e+01, 2.69778881e+01, 2.33675728e+01, 2.13725891e+01,
       1.59708738e+01, 1.49807129e+01, 1.81463070e+01, 2.40267372e+01,
       2.64614735e+01, 2.66554642e+01, 2.57772255e+01, 2.81051521e+01,
       2.36323299e+01, 2.15196266e+01, 2.53889046e+01, 3.13341599e+01,
       3.00941448e+01, 2.73283157e+01, 3.32598381e+01, 3.55371590e+01,
       2.70224514e+01, 2.16649132e+01, 2.14908428e+01, 2.46470871e+01,
       2.63003101e+01, 2.15938530e+01, 2.84873848e+01, 3.47024155e+01,
       2.79353199e+01, 1.77687988e+01, 1.41567793e+01, 1.51371031e+01,
       1.69794464e+01, 3.38526649e+01, 2.36561222e+01, 1.93495979e+01,
       1.92840633e+01, 2.18045883e+01, 1.15992260e+01, 1.01590109e+01,
       1.56694670e+01, 7.72995529e+01, 3.40660095e+01, 1.71620502e+01,
       1.41035452e+01, 1.94225788e+01, 1.50868034e+01, 1.60978851e+01,
       3.54399757e+01, 2.74259758e+01, 1.45875483e+01, 1.56103067e+01,
       3.21252327e+01, 6.41665802e+01, 3.39829025e+01, 1.75701523e+01,
       1.74134636e+01, 2.47486439e+01, 1.76455765e+01, 1.74250221e+01,
       2.24856129e+01, 3.38588638e+01, 1.79457855e+01, 1.10963955e+01,
       1.24129286e+01, 4.52579689e+01, 2.35653267e+01, 2.16441460e+01,
       2.60467682e+01, 3.22629128e+01, 1.65541859e+01, 9.54959774e+00,
       1.45108137e+01, 1.28654449e+02, 3.87595482e+01, 1.19118853e+01,
       1.07378016e+01, 1.96997318e+01, 1.74633312e+01, 1.63557930e+01,
       5.14769745e+01, 3.45026512e+01, 9.66452217e+00, 9.88656521e+00,
       4.16549911e+01, 1.11508904e+02, 6.35034256e+01, 2.00383682e+01,
       1.84295502e+01, 3.25849266e+01, 2.10327682e+01, 1.78387852e+01,
       2.52875786e+01, 4.22206726e+01, 2.08156090e+01, 1.19002686e+01,
       1.75714035e+01, 4.52891884e+01, 1.34564791e+01, 8.93464375e+00,
       1.73106937e+01, 3.24799538e+01, 2.50915699e+01, 2.08368187e+01,
       2.37482281e+01, 1.28539764e+02, 5.20107841e+01, 1.60722675e+01,
       1.72750072e+01, 1.98465900e+01, 1.01718197e+01, 1.09753942e+01,
       3.85162354e+01, 3.42371178e+01, 1.85716419e+01, 1.96317539e+01,
       6.34239502e+01, 1.11027229e+02, 4.13200493e+01, 1.08571348e+01,
       1.01932087e+01, 3.19726543e+01, 1.71385174e+01, 1.14947271e+01,
       2.11446533e+01, 4.19541245e+01, 2.59505520e+01, 1.91154003e+01,
       2.10620193e+01, 3.30257378e+01, 1.40066729e+01, 9.42835903e+00,
       1.12184687e+01, 2.14158478e+01, 1.77341671e+01, 1.98738747e+01,
       2.41064644e+01, 7.72700653e+01, 3.42942505e+01, 1.60147152e+01,
       1.43063450e+01, 1.87973785e+01, 1.28119755e+01, 1.62567768e+01,
       3.57426262e+01, 2.71314278e+01, 1.73335114e+01, 1.78636284e+01,
       3.38048248e+01, 6.27063446e+01, 3.08545132e+01, 1.66208515e+01,
       1.58334227e+01, 2.31974392e+01, 1.18131666e+01, 1.11584749e+01,
       1.76813221e+01, 3.31833763e+01, 2.29321423e+01, 1.86137028e+01,
       1.74981823e+01, 5.05940094e+01, 3.27228889e+01, 1.68529530e+01,
       1.15881891e+01, 1.40267353e+01, 6.87245417e+00, 4.97200584e+00,
       1.34563971e+01, 1.33690094e+02, 5.90109291e+01, 1.19106703e+01,
       4.19705915e+00, 3.85743499e+00, 2.79987407e+00, 4.89329243e+00,
       3.17638588e+01, 7.89061127e+01, 3.13603840e+01, 1.02797041e+01,
       5.66415024e+00, 6.79696465e+00, 9.21608829e+00, 1.23841314e+01,
       2.54240780e+01, 1.31737833e+01, 1.10520563e+01, 8.51089096e+00,
       7.12204123e+00, 1.31913185e+01, 1.60161209e+01, 1.47920895e+01,
       1.00257921e+01, 6.16768875e+01, 2.47673187e+01, 1.42756939e+01,
       1.47495480e+01, 2.02560349e+01, 1.39388218e+01, 8.20563030e+00,
       1.66227875e+01, 1.51370926e+02, 4.85384140e+01, 8.54769230e+00,
       4.34654379e+00, 4.15703392e+00, 3.89250612e+00, 5.37351561e+00,
       4.53870392e+01, 1.07139023e+02, 2.79389000e+01, 1.02657070e+01,
       7.38476038e+00, 8.51765347e+00, 1.21019897e+01, 1.51641893e+01,
