%YAML:1.0
---
lines: [ 303., 0., -556., 3.08923268e+00, 314., 1.74532924e-02, 310.,
    1.74532924e-02, 47., 2.35619450e+00, -585., 3.08923268e+00, 123.,
    2.25147462e+00, -564., 3.10668612e+00, 110., 2.26892805e+00, 42.,
    2.35619450e+00, 395., 1.58824956e+00, 495., 8.72664601e-02, 45.,
    2.35619450e+00, -546., 3.07177949e+00, -290., 3.08923268e+00, -575.,
    3.12413931e+00, -539., 3.05432606e+00, 108., 1.60570288e+00, 42.,
    1.57079637e+00, -305., 2.98451304e+00, 582., 0., 596.,
    5.23598790e-02, 49., 2.35619450e+00, 312., 0., 85., 2.30383468e+00,
    -297., 3.12413931e+00, -297., 2.96705961e+00, 392., 1.60570288e+00,
    -559., 3.08923268e+00, -294., 2.96705961e+00, -287., 3.05432606e+00,
    467., 5.23598790e-02, 689., 3.49065848e-02, 399., 1.57079637e+00,
    585., 1.74532924e-02, 98., 2.28638124e+00, 40., 2.35619450e+00, 25.,
    2.39110112e+00, -289., 2.94960642e+00, -550., 3.07177949e+00, -577.,
    3.12413931e+00, -548., 3.01941967e+00, -561., 3.08923268e+00, 502.,
    4.18879032e-01, 554., 7.85398185e-01, -274., 2.91469979e+00, -302.,
    2.98451304e+00, -592., 3.10668612e+00, 5., 1.57079637e+00, -8.,
    2.44346094e+00, 703., 1.74532920e-01, 549., 7.85398185e-01, 202.,
    1.62315619e+00, 150., 2.21656823e+00, 73., 2.32128787e+00, -21.,
    2.35619450e+00, -294., 2.89724660e+00, -282., 2.93215322e+00, -292.,
    2.94960642e+00, -553., 3.03687286e+00, -579., 3.07177949e+00, -570.,
    3.10668612e+00, -428., 3.10668612e+00, -369., 3.10668612e+00, 384.,
    0., 564., 7.85398185e-01, -266., 2.84488654e+00, -498.,
    3.03687286e+00, -582., 3.08923268e+00, 308., 0., 385.,
    1.74532924e-02, 330., 5.23598790e-02, 705., 1.91986218e-01, 48.,
    1.55334306e+00, 167., 2.19911480e+00, -306., 3.12413931e+00, 368.,
    1.74532920e-01, 537., 7.85398185e-01, -294., 2.93215322e+00, -303.,
    3.01941967e+00 ]
