%YAML:1.0
---
vocabulary: !!opencv-matrix
   rows: 3
   cols: 128
   dt: f
   data: [ 1.92448025e+01, 1.61417274e+01, 1.81720161e+01,
       1.97707958e+01, 2.60820522e+01, 1.92879753e+01, 1.42762213e+01,
       1.43772612e+01, 3.35483742e+01, 2.58738708e+01, 2.28820076e+01,
       2.44929943e+01, 3.88519440e+01, 2.18325043e+01, 1.55944853e+01,
       1.74771709e+01, 7.53980560e+01, 3.24437180e+01, 1.49954796e+01,
       1.15910940e+01, 1.47606239e+01, 1.20287075e+01, 1.81977844e+01,
       3.69769440e+01, 3.03648281e+01, 1.35180836e+01, 8.46496391e+00,
       9.11912346e+00, 2.11308784e+01, 1.66428585e+01, 1.96921349e+01,
       2.33630199e+01, 2.41643314e+01, 1.95501804e+01, 2.13844948e+01,
       2.42251358e+01, 3.26188965e+01, 2.43548832e+01, 1.91720161e+01,
       1.89884720e+01, 4.43743248e+01, 3.01548386e+01, 3.58878860e+01,
       4.84028053e+01, 6.27590446e+01, 3.28130646e+01, 1.55999098e+01,
       1.41914558e+01, 1.27181969e+02, 5.54152374e+01, 1.99850826e+01,
       1.26035261e+01, 1.49620256e+01, 9.21089554e+00, 1.19864378e+01,
       3.88546562e+01, 4.29970627e+01, 1.35099459e+01, 7.57278490e+00,
       1.41903257e+01, 3.11415024e+01, 2.25169544e+01, 1.87382469e+01,
       2.06903267e+01, 2.38345394e+01, 1.93546562e+01, 2.01629753e+01,
       2.47111225e+01, 3.23406410e+01, 2.39868908e+01, 2.10334549e+01,
       1.92108955e+01, 4.43180389e+01, 1.42353077e+01, 1.61236439e+01,
       3.38786163e+01, 6.29787521e+01, 4.66711121e+01, 3.56830940e+01,
       3.10716553e+01, 1.27808319e+02, 3.84785271e+01, 1.13347654e+01,
       9.26876163e+00, 1.49504976e+01, 1.25395575e+01, 1.96765385e+01,
       5.56550636e+01, 4.35619354e+01, 2.09541149e+01, 1.79909592e+01,
       2.23094482e+01, 3.10395584e+01, 1.46157331e+01, 7.59606695e+00,
       1.33225594e+01, 1.88957958e+01, 1.48937616e+01, 1.49014473e+01,
       1.85764027e+01, 2.61622963e+01, 1.99016724e+01, 1.74579563e+01,
       1.61921349e+01, 3.47314644e+01, 1.76528034e+01, 1.56688519e+01,
       2.19308319e+01, 3.86781197e+01, 2.46308784e+01, 2.30967464e+01,
       2.70736904e+01, 7.59412308e+01, 3.62665024e+01, 1.71523514e+01,
       1.20526676e+01, 1.48440332e+01, 1.19025774e+01, 1.51638794e+01,
       3.34554710e+01, 3.01704350e+01, 2.37197113e+01, 1.87154160e+01,
       1.67077312e+01, 2.13431282e+01, 9.65641975e+00, 8.23960209e+00,
       1.34132013e+01, 2.97246113e+01, 1.31987705e+01, 9.50957680e+00,
       2.12746658e+01, 5.41973228e+01, 1.00885429e+01, 4.27647257e+00,
       8.32309341e+00, 1.20658470e+02, 3.33245392e+01, 7.69497633e+00,
       9.16624451e+00, 1.75811348e+01, 3.81568480e+00, 3.71051669e+00,
       3.03151417e+01, 1.08097572e+02, 2.30614376e+01, 4.19226599e+00,
       3.56703997e+00, 8.97325611e+00, 4.44452477e+00, 7.36176348e+00,
       3.43530884e+01, 2.42099743e+01, 6.80086708e+00, 4.04662085e+00,
       4.67437649e+00, 1.51991320e+01, 9.65233040e+00, 8.68052006e+00,
       1.21868448e+01, 3.86223335e+01, 1.11308270e+01, 7.72280407e+00,
       2.03910370e+01, 6.34853592e+01, 1.50860128e+01, 5.42031050e+00,
       9.99385548e+00, 1.36947235e+02, 2.79504871e+01, 6.58691692e+00,
       6.98988056e+00, 2.04116364e+01, 5.41235971e+00, 4.59486771e+00,
       3.51004677e+01, 1.26560890e+02, 2.59338627e+01, 4.88471270e+00,
       4.57137680e+00, 1.13241777e+01, 5.22804451e+00, 7.99602413e+00,
       3.00278263e+01, 3.09671116e+01, 8.57679749e+00, 5.31875658e+00,
       6.75207806e+00, 1.79009743e+01, 9.23238087e+00, 7.51572084e+00,
       1.00032520e+01, 3.84051323e+01, 9.73111629e+00, 5.36248636e+00,
       1.49616909e+01, 6.27679787e+01, 2.01994934e+01, 7.41597366e+00,
       1.15258398e+01, 1.36976501e+02, 3.56208878e+01, 4.67979765e+00,
       5.17130470e+00, 2.02200928e+01, 7.23960924e+00, 6.29634953e+00,
       2.90213223e+01, 1.25780266e+02, 3.09016972e+01, 7.89555454e+00,
       5.68955517e+00, 1.11741953e+01, 4.44560862e+00, 4.80701113e+00,
       2.58941078e+01, 3.12865906e+01, 1.03465843e+01, 7.42067194e+00,
       9.16443729e+00, 1.80289116e+01, 6.98373652e+00, 5.18720627e+00,
       8.57824326e+00, 2.91348019e+01, 8.11347961e+00, 4.15504122e+00,
       1.02110586e+01, 5.24719887e+01, 2.14987335e+01, 9.98337555e+00,
       1.39750624e+01, 1.18957352e+02, 3.03866997e+01, 3.67365360e+00,
       3.74159718e+00, 1.74698219e+01, 9.25731850e+00, 7.81315470e+00,
       3.44871674e+01, 1.08153954e+02, 3.43711586e+01, 7.06938887e+00,
       4.54824686e+00, 8.67220783e+00, 3.47596669e+00, 4.21467257e+00,
       2.40679436e+01, 2.44528370e+01, 1.20159016e+01, 8.45464325e+00,
       9.54246426e+00, 1.52038307e+01, 5.02565956e+00, 4.06866646e+00,
       6.93422461e+00, 2.52472191e+01, 2.56617794e+01, 2.61225986e+01,
       2.56483822e+01, 2.98086452e+01, 1.26301823e+01, 8.44514656e+00,
       1.14532356e+01, 6.45326080e+01, 4.01756821e+01, 2.61979275e+01,
       1.99388275e+01, 1.71928711e+01, 1.10224981e+01, 1.35776043e+01,
       2.90096054e+01, 3.71423149e+01, 2.52093029e+01, 2.16807384e+01,
       2.11496468e+01, 2.69491920e+01, 1.84423656e+01, 2.03705769e+01,
       2.65351372e+01, 2.09941864e+01, 1.90197182e+01, 1.73645096e+01,
       1.75424671e+01, 1.95606670e+01, 1.54031849e+01, 1.64039440e+01,
       1.67457027e+01, 3.57603645e+01, 2.21557140e+01, 2.39560165e+01,
       3.22661781e+01, 4.34752274e+01, 2.12497482e+01, 1.00760870e+01,
       1.31349850e+01, 1.19617546e+02, 4.08473206e+01, 1.63240643e+01,
       1.37062693e+01, 1.67029839e+01, 1.27360973e+01, 2.05993423e+01,
       5.68051071e+01, 4.80899925e+01, 2.00639534e+01, 1.92295246e+01,
       3.10477753e+01, 4.71228523e+01, 4.24383240e+01, 3.75821533e+01,
       3.41387787e+01, 2.81981812e+01, 2.43096561e+01, 2.17962589e+01,
       2.26966629e+01, 2.30156727e+01, 2.07767944e+01, 2.24686565e+01,
       2.24630947e+01, 3.51845322e+01, 1.26928720e+01, 9.99014187e+00,
       2.00432262e+01, 4.37297783e+01, 3.43056107e+01, 2.34282112e+01,
       2.15657234e+01, 1.19622856e+02, 5.56769485e+01, 2.05867043e+01,
       1.26352377e+01, 1.69651165e+01, 1.37800808e+01, 1.61418095e+01,
       4.05326080e+01, 4.82209320e+01, 3.38923149e+01, 3.73660278e+01,
       4.29148140e+01, 4.74737129e+01, 3.08306370e+01, 1.88379688e+01,
       1.93281097e+01, 2.89729538e+01, 2.25725479e+01, 2.23281097e+01,
       2.02039948e+01, 2.30712852e+01, 2.28877659e+01, 2.23915577e+01,
       2.34193630e+01, 2.41170387e+01, 1.17646618e+01, 9.27477264e+00,
       1.21322041e+01, 2.99587975e+01, 2.66584930e+01, 2.45497990e+01,
       2.34325085e+01, 6.47158737e+01, 3.00846825e+01, 1.43733568e+01,
       1.08245707e+01, 1.71524277e+01, 1.92323055e+01, 2.47272511e+01,
       3.78786659e+01, 3.71675949e+01, 2.74448948e+01, 2.06142578e+01,
       1.95235081e+01, 2.68051071e+01, 2.04494438e+01, 2.12757835e+01,
       2.36996975e+01, 2.20492935e+01, 1.77967644e+01, 1.63334179e+01,
       1.49653692e+01, 1.88774014e+01, 1.64332657e+01, 1.77879181e+01,
       1.90659752e+01 ]
