%YAML:1.0
---
vocabulary: !!opencv-matrix
   rows: 5
   cols: 128
   dt: f
   data: [ 1.89701481e+01, 2.03745041e+01, 2.12823238e+01,
       1.97328053e+01, 1.79462109e+01, 1.63256245e+01, 1.69204597e+01,
       1.70155983e+01, 3.38950462e+01, 3.04324608e+01, 2.55276680e+01,
       2.12578506e+01, 1.91464405e+01, 1.88163109e+01, 2.00753708e+01,
       2.50906334e+01, 5.24342766e+01, 2.89242916e+01, 1.79458084e+01,
       1.52604046e+01, 1.57227859e+01, 1.91461716e+01, 3.11000481e+01,
       4.96609955e+01, 2.81633167e+01, 1.70014801e+01, 1.34025412e+01,
       1.33389368e+01, 1.84787865e+01, 2.70640755e+01, 3.57840385e+01,
       3.59064064e+01, 2.22452774e+01, 2.42201977e+01, 2.51183357e+01,
       2.21360188e+01, 2.17264175e+01, 2.31021309e+01, 2.20777245e+01,
       2.05791035e+01, 4.90305252e+01, 3.96458702e+01, 4.15936928e+01,
       3.91011238e+01, 3.40783958e+01, 2.67566738e+01, 1.71016617e+01,
       1.73462658e+01, 1.21274727e+02, 5.57586899e+01, 2.16898403e+01,
       1.20711355e+01, 9.48604870e+00, 1.28099241e+01, 2.31955891e+01,
       6.14337387e+01, 3.96329575e+01, 1.62033215e+01, 1.34981508e+01,
       2.15204735e+01, 3.34730721e+01, 4.23315392e+01, 4.03648911e+01,
       3.75804482e+01, 2.22829285e+01, 2.13326168e+01, 2.23303299e+01,
       2.16665764e+01, 2.16472130e+01, 2.32510586e+01, 2.53179588e+01,
       2.35159683e+01, 4.92262497e+01, 1.77625904e+01, 1.70273647e+01,
       2.56307411e+01, 3.41941109e+01, 4.00928535e+01, 4.22375450e+01,
       3.95514030e+01, 1.21770523e+02, 6.10640755e+01, 2.23434410e+01,
       1.25716400e+01, 9.41255951e+00, 1.23035030e+01, 2.16548100e+01,
       5.64789200e+01, 4.04280243e+01, 3.70909042e+01, 3.94698448e+01,
       4.10436363e+01, 3.34888725e+01, 2.27714653e+01, 1.35189943e+01,
       1.66191082e+01, 1.92272568e+01, 1.66514492e+01, 1.72070198e+01,
       1.61826801e+01, 1.75371475e+01, 1.93915157e+01, 2.10952740e+01,
       2.05200024e+01, 3.44645348e+01, 2.49380093e+01, 2.07600346e+01,
       1.88131523e+01, 1.94474545e+01, 2.14124928e+01, 2.51778393e+01,
       2.94008598e+01, 5.34982185e+01, 5.07196922e+01, 3.16621399e+01,
       1.92641697e+01, 1.52232237e+01, 1.51341352e+01, 1.77670269e+01,
       2.78432732e+01, 2.85598068e+01, 3.63805542e+01, 3.63231354e+01,
       2.72185173e+01, 1.84318562e+01, 1.31714516e+01, 1.23114367e+01,
       1.63566189e+01, 3.69779739e+01, 1.12525692e+01, 7.37379646e+00,
       1.06720505e+01, 2.93232174e+01, 1.41780062e+01, 1.07820196e+01,
       1.52356014e+01, 4.12243423e+01, 1.31081743e+01, 7.97209978e+00,
       1.76996250e+01, 6.47582016e+01, 2.41718063e+01, 1.00096264e+01,
       1.34782181e+01, 1.05941917e+02, 2.26483917e+01, 5.23870134e+00,
       7.08826876e+00, 2.46087456e+01, 1.04255180e+01, 1.00127258e+01,
       3.28973732e+01, 3.11148624e+01, 7.75656700e+00, 4.61347675e+00,
       1.26523085e+01, 5.80292053e+01, 2.12241802e+01, 1.00868006e+01,
       1.31231842e+01, 4.96735191e+01, 1.90013046e+01, 1.00884323e+01,
       1.44188280e+01, 3.48534813e+01, 1.54243755e+01, 1.16470871e+01,
       1.68528309e+01, 5.18215027e+01, 1.77195301e+01, 1.39324522e+01,
       3.85317345e+01, 9.14093628e+01, 2.82481632e+01, 6.89508867e+00,
       8.65704060e+00, 1.35653442e+02, 3.90076675e+01, 8.36302853e+00,
       1.11071949e+01, 2.88959045e+01, 8.82639885e+00, 4.59373474e+00,
       2.46247349e+01, 4.07818565e+01, 8.54478741e+00, 5.71724558e+00,
       2.27626038e+01, 7.86991348e+01, 2.51674004e+01, 6.97519970e+00,
       9.82900906e+00, 5.10008163e+01, 1.65712185e+01, 1.04884968e+01,
       1.61977482e+01, 3.56191864e+01, 1.47826719e+01, 1.01620169e+01,
       1.78278675e+01, 5.22155304e+01, 8.61347675e+00, 6.56420279e+00,
       2.91104584e+01, 9.11881180e+01, 3.85307541e+01, 1.39955950e+01,
       1.74922504e+01, 1.35845001e+02, 2.51662579e+01, 4.90406275e+00,
       8.84940434e+00, 2.88719196e+01, 1.08058405e+01, 8.30298615e+00,
       3.85201492e+01, 3.95160713e+01, 1.00518847e+01, 8.03393650e+00,
       2.60980587e+01, 7.88897018e+01, 2.22143898e+01, 5.45961809e+00,
       8.16038513e+00, 3.75845985e+01, 1.43961496e+01, 1.10727682e+01,
       1.55366287e+01, 2.91633205e+01, 1.10758686e+01, 7.37918091e+00,
       1.14899654e+01, 4.10766830e+01, 1.31393375e+01, 9.97960472e+00,
       2.50246372e+01, 6.49203796e+01, 1.81895905e+01, 7.85772562e+00,
       1.31049109e+01, 1.06387825e+02, 3.33124504e+01, 1.02057428e+01,
       1.08560934e+01, 2.39577408e+01, 6.99902105e+00, 5.12155342e+00,
       2.21897526e+01, 2.92951546e+01, 1.25314083e+01, 1.03005381e+01,
       2.28898678e+01, 5.91086617e+01, 1.29926577e+01, 4.57546091e+00,
       7.20704842e+00, 2.00098572e+01, 2.17011814e+01, 2.40775490e+01,
       2.43668365e+01, 2.18951588e+01, 1.49355574e+01, 1.28983002e+01,
       1.38741474e+01, 3.14415684e+01, 2.67558765e+01, 2.55092602e+01,
       2.33368359e+01, 2.09310093e+01, 1.85317879e+01, 2.35721874e+01,
       2.78731728e+01, 2.48732815e+01, 2.35791187e+01, 2.28950500e+01,
       2.10259933e+01, 2.36141014e+01, 2.69453049e+01, 2.84575977e+01,
       2.54819679e+01, 2.46076031e+01, 2.19432468e+01, 1.92144489e+01,
       1.41999350e+01, 1.46932745e+01, 1.66832027e+01, 2.10722408e+01,
       2.25348206e+01, 3.26200600e+01, 2.26815777e+01, 2.62224636e+01,
       3.25059052e+01, 3.22484589e+01, 2.17938919e+01, 1.26407452e+01,
       1.45067692e+01, 1.11504929e+02, 3.05281067e+01, 1.38498869e+01,
       1.22098999e+01, 1.33240557e+01, 2.16801701e+01, 4.26879692e+01,
       7.62380600e+01, 2.75715370e+01, 1.19210443e+01, 8.65493393e+00,
       1.55643892e+01, 5.31386337e+01, 7.97188339e+01, 6.72092514e+01,
       4.28010406e+01, 2.87680073e+01, 2.28177204e+01, 1.55823679e+01,
       1.37859850e+01, 2.36277485e+01, 3.12975197e+01, 3.44625816e+01,
       3.20075836e+01, 3.62421761e+01, 1.17471027e+01, 1.00967188e+01,
       2.08715477e+01, 3.49169312e+01, 3.47266350e+01, 3.16404209e+01,
       2.81873722e+01, 1.23149361e+02, 5.13262215e+01, 1.30258856e+01,
       1.03768005e+01, 1.38301744e+01, 1.46657648e+01, 2.03284969e+01,
       5.29036064e+01, 4.77959518e+01, 2.73944550e+01, 2.18268166e+01,
       3.61501160e+01, 6.51535797e+01, 5.43362961e+01, 2.73973789e+01,
       2.27476444e+01, 2.61071167e+01, 1.84582481e+01, 1.41921377e+01,
       1.75785770e+01, 3.22371941e+01, 3.89124870e+01, 3.40218773e+01,
       2.88673248e+01, 2.75234489e+01, 1.39027405e+01, 1.00770063e+01,
       1.24239149e+01, 2.26608906e+01, 2.56643562e+01, 3.25520439e+01,
       3.28661346e+01, 6.75964508e+01, 3.44500160e+01, 1.57127695e+01,
       1.20347672e+01, 1.62908058e+01, 1.98884449e+01, 3.07565269e+01,
       4.89985924e+01, 3.96182175e+01, 2.93223228e+01, 2.35174923e+01,
       2.56170273e+01, 3.45479279e+01, 2.92353516e+01, 2.38033142e+01,
       2.72789993e+01, 2.09933929e+01, 1.72136898e+01, 1.81911621e+01,
       2.05636311e+01, 2.85400200e+01, 2.79327412e+01, 2.26946831e+01,
       2.11599693e+01, 3.08885117e+01, 3.50979805e+01, 2.85695000e+01,
       2.32753162e+01, 2.10303078e+01, 1.21744165e+01, 1.03736610e+01,
       1.47934523e+01, 7.24720078e+01, 5.14003181e+01, 2.64472980e+01,
       1.74760227e+01, 1.46880484e+01, 1.12250490e+01, 1.56582279e+01,
       3.73366623e+01, 4.12758026e+01, 2.63670883e+01, 2.22962513e+01,
       2.66120987e+01, 3.25892181e+01, 2.57315006e+01, 2.52168941e+01,
       3.13390961e+01, 1.83942318e+01, 1.79109058e+01, 2.14375610e+01,
       2.74684772e+01, 3.03091545e+01, 2.42271175e+01, 2.03790169e+01,
       1.68944740e+01, 3.91086922e+01, 2.98763390e+01, 2.93167000e+01,
       3.09403610e+01, 3.08247337e+01, 1.91831799e+01, 1.10648737e+01,
       1.32055750e+01, 1.24468361e+02, 5.64532623e+01, 1.94671383e+01,
       1.38270454e+01, 1.24328146e+01, 9.34858799e+00, 1.29731016e+01,
       5.28516312e+01, 5.14166260e+01, 2.47967396e+01, 3.05294552e+01,
       5.39780922e+01, 5.85888519e+01, 3.31893883e+01, 2.21533604e+01,
