%YAML:1.0
---
Segment No_0:
   Area: 9.3050000000000000e+02
   Center: [ 1.3967776489257813e+02, 1.0168009948730469e+02 ]
   Second Order Moments:
      mu11: 2.8357291741298512e+04
      mu12: 3.3308961161543429e+05
      mu21: -3.4171764262647554e+05
      mu20: 2.7540146858021617e+05
      mu02: 5.3458026523971930e+04
      mu30: 9.9341534482479095e+04
      mu03: 2.3240028118276596e+05
Segment No_1:
   Area: 1224.
   Center: [ 2.5547848510742188e+02, 5.7014160156250000e+01 ]
   Second Order Moments:
      mu11: 1.9274372912127525e+04
      mu12: 1.8935598748412132e+06
      mu21: 7.6226201328693773e+05
      mu20: 3.1500766793772578e+04
      mu02: 1.1952437545388532e+06
      mu30: 4.5034199905395508e+04
      mu03: -3.9718053291726112e+05
Segment No_2:
   Area: 3.8405000000000000e+03
   Center: [ 3.5451114654541016e+01, 2.8491949081420898e+01 ]
   Second Order Moments:
      mu11: 5.2753321914464235e+04
      mu12: 7.7068469574533403e+04
      mu21: -1.9746552106193528e+06
      mu20: 1.4277391964913420e+06
      mu02: 1.1049477927823341e+06
      mu30: 6.5016706065815687e+05
      mu03: 2.3779224075398445e+06
Segment No_3:
   Area: 7.6650000000000000e+02
   Center: [ 2.2758209228515625e+01, 1.7225093078613281e+02 ]
   Second Order Moments:
      mu11: 2.2116879602450877e+04
      mu12: -1.0763348009129200e+05
      mu21: 8.6801512963496149e+04
      mu20: 1.6964577127274062e+05
      mu02: 2.0535655595425516e+04
      mu30: 6.1600435035382584e+05
      mu03: -6.1504183420181274e+04
Segment No_4:
   Area: 3071.
   Center: [ 1.7545387268066406e+02, 1.6370596313476563e+02 ]
   Second Order Moments:
      mu11: 8.4914201085422933e+05
      mu12: 2.1853760412977114e+06
      mu21: 1.2314354736162901e+07
      mu20: 1.0068590048183739e+07
      mu02: 1.9283231428416073e+05
      mu30: 6.2042863590126038e+06
      mu03: -4.2475790164947510e+04
Segment No_5:
   Area: 2.0765000000000000e+03
   Center: [ 2.0599485397338867e+01, 8.2349143981933594e+01 ]
   Second Order Moments:
      mu11: -1.2720341924512386e+05
      mu12: -7.2162610304559227e+06
      mu21: 3.7901889082460105e+05
      mu20: 4.8993382278540288e+05
      mu02: 6.6207378639938869e+05
      mu30: 3.3599254108006358e+06
      mu03: 1.3197425174542665e+07
Segment No_6:
   Area: 1.5660500000000000e+04
   Center: [ 1.4714701843261719e+02, 4.6808723449707031e+01 ]
   Second Order Moments:
      mu11: -5.1504890739586353e+06
      mu12: -1.0789910582660127e+08
      mu21: 6.9111499324221611e+07
      mu20: 4.1017610438407540e+07
      mu02: 1.2518709111828580e+07
      mu30: 2.9761570113783264e+08
      mu03: 6.5226590202316761e+07
Segment No_7:
   Area: 1.4675000000000000e+03
   Center: [ 1.4146870422363281e+02, 5.3204883575439453e+01 ]
   Second Order Moments:
      mu11: -4.2880800761876628e+04
      mu12: -1.3590821672549099e+05
      mu21: -1.3027297426979057e+04
      mu20: 1.3996718831157312e+05
      mu02: 2.7541548166761408e+05
      mu30: 5.4446974446296692e+04
      mu03: 5.2871541886359453e+04
Segment No_8:
   Area: 517.
   Center: [ 2.0925274658203125e+02, 7.4287879943847656e+01 ]
   Second Order Moments:
      mu11: 7.8678838383853436e+03
      mu12: 3.9879198505528271e+04
      mu21: 1.3249816772175115e+05
      mu20: 9.3276808618102223e+04
      mu02: 2.6339154040404130e+04
      mu30: -6.6064535413742065e+04
      mu03: -7.0840835659593344e+04
